A = 0.00915775
B = -0.000178945
C = 0.00513757
D = -0.00284347
E = 0.00124523
F = 0.0024176
