A = -3.62516e-06
B = -0.0987735
C = 0.000530354
D = -6.26729e-06
E = -0.0100971
F = 7.78853e-07
