A = -0.154962
B = 0.0205804
C = 0.0534422
D = -0.0180699
E = -0.0436429
F = -0.0207058
